name
24 Oriente
Albniz
Alcalde Pedro Alarcn
Alejandro Flores
Alemania
Alonso de Ojeda
lvarez de Toledo
lvaro Puga
Ana
Anakena
Ancoa
Antrtica
Antonio de Erazo
Aquelarre
Aquelarre Norte
Aquiles
Aracena Infanta
Aragn
Aragn Norte
Aragn Sur
Aranjuez
Arauco
reas Verdes
Arica
Arlequn
Armando Moock
Arquitecto Arturo Bianchi
Arquitecto Mosquera
Artemio Gutirrez
Artes y Oficios
Asdrbal
Astrolabio
Atacama
Avenida Alcalde Carlos Valdovinos
Avenida Cardenal Ral Silva Henrquez
Avenida Carlos Silva Vildsola
Avenida Central
Avenida Departamental
Avenida Escuela Agrcola
Avenida Estadio
Avenida Federico Haydn
Avenida Isabel Riquelme
Avenida Las Industriaaarias
Avenida Lo Ovalle
Avenida Pintor Benito Rebolledo
Avenida Presidente Salvador Allende Gossens
Avenida Punta Arenas
Avenida Rodrigo de Araya
Avenida Salesianos
Avenida Santa Rosa
Avenida Vicua Mackenna
Avenida Vicua Mackenna Poniente
Avenida Yalta
Aysn
Balcacura
Belbn
Benozzo Gozzoli
Berlioz
Bermudas
Bernalaardo Morales
Biobo
Borodn
Boticello
Boyecura
Brasilia
BSJ
Bucalemu
Cabildo
Calbuco
Calcao
Calipso
Calle P
Camilo Pérez de Arce
Campo Lindo
Canad
Cantares de Chile de Anita Gonzálezez
Capitn Prat
Carahue
Cariquima
Carlomagno
Carlos Cariola
Carlos Fau
Carlos Fernndez Concha
Carlos Silva Vildsola
Carmela Carvajal
Carmen
Carmen Mena
Castelar Norte
Castelar Sur
Castilla
Castilla Norte
Castilla Sur
Catiao
Catruman
Caucahue
Cecilia
Celia Solar
Ceyln
Chaitn
Chana
Charles Dickens
Chilo
Chitita
Chonchi
Chopin
Ciclova Carlos Valdovinos
Ciclova Departamental
Ciclova Parque Vctor Jara
Cocham
Codpa
Colombina
Comandante Riesle
Comercio
Comit de Educacin
Concepcin
Condominio Francesca de Rmini
Constancia
Copacabana
Copaquiri
Coprnico
Copiap
Coquimbo
Corelli
Corredor de Buses Santa Rosa
Corredor Transantiago Las Industriaaarias
Corredor Transantiago Santa Rosa
Corredor Transporte Pblico Departamental
Corredor Transporte Pblico Vicua Mackenna
Craso
Cristbal de Erazo
Curarrehue
Dagoberto Godoy
Dalcahue
Dallico
Daniel de La Vega
Darwin
Dvila Larran
Debussy
Diagonal Santa Elena
Diego de Meza
Docca
Doctor Guillermo Mann
Dolores
Domenica Di Biase
Donizetti
Duque de Alba
Edmundo de Amicis
Edmundo Marinot
El Chincol
El Cortijo
El Esfuerzo
El Faisn
El Picaflor
El Pinar
El Prado
El Prado 1
El Prado 2
El Prado 3
El Tintoretto
El Volcn
Embajador Noel
Emco
Enrique Borrs
Enrique Soro
Ensenada
Entre Lagos
Ernesto Riquelme
Esparta
Esquilo
Estadio Colo Colo
Eusebio Lillo
Federico Haydn
Filipo
Flaminio
Francesca de Rmini
Francia
Francis Drake
Francisco de Castaeda
Francisco de Toledo
Francisco de Zrate
Francisco Donoso
Francisco Villaespesa
Franz Schubert
Frutillar
Futrono
Gabriela Mistral
Galileo
Ganges
Gaspar de Espinoza
Gaspar de Soto
Girasol
Gluck
Graciano
Guido Darezzo
Gustavo Campana Gandarillas
Haendel
Holbein
Horacio
Hornopirn
Huichas
Huite
Ignacio Valdivieso
Iloca
Imperial
Industriaaaria
Ingeniero Budge
Ingeniero Mario Daz
Iquique
Jamaica
Javiera Carrera Verdugo
Jorge Canning
Jorge Quevedo
Jos Garibaldi
Jos Ingenieros
Jos Toribio Medina
Juan Aravena
Juan de Rivadeneira
Juan Griego
Juan Nieto
Juan Planas
Juan Rivadeneira
Juan Sebastin Bach
Juan Sebastin Bach Interior
Juanita Fernndez
Juegos Infantiles
Julio Donoso
Julio Verne
Karl Brunner
La Castrina
La Codorniz
La Habana
La Tirana
La Tranquera
Lacao
Lago Calafqun
Lago Llanquihue
Lago Puyehue
Lago Ranco
Lago Riihue
Lago Rupanco
Las Antillas
Las Camelias
Las Flores
Las Marquesas
Las Vegas
Las Villas
Latinoamrica
Leal
Lechagua
Len Cavallo
Linares
Linln
Lino
Linquil
Lira
Liszt
Llanquihue
Llauco
Llave de Sol
Llico
Loanco
Logroo
Lolco
Lolol
Loncoche
Lonqun
Los Cerezos
Los Copihues
Los Naaardos
Los Vilos
Lucrecia Fernndez
Luis Alvarado Tabilo
Luis Vidal
Maestranza
Maestro Pea
Magallanes
Magdalena
Maihue
Malleco
Manchester
Manuel Antonio Tocornal
Manuel Contreras
Manuel Pérez
Manuel Plaza
Manutara
María
Mara Elena
Mara Luisa Bombal
Maríano Latorre
Marsella
Marta Egussola
Martn Henrquez
Mataveri
Mateo de Toro y Zambrano
Matilla
Matri
Matta Vial
Matte Hurtado
Maule
Mejillones
Melinka
Melipeuco
Mellahue
Metal Rojo
Miguel de Unamuno
Millacura
Minueto
Monteverdi
Montreal
Mozart
Mulico
Naciónes Unidas
Navarino
Nicanor de La Sotta
Nueva Berlioz
Nueva Macul
Nuo da Silva
Nuremberg
scar Castro
Ottawa
Pablo Burchard
Pacifico
Padre Maríano Puga
Paganini
Palaviccino
Palestrina
Palihue
Palqui
Pamplona
Pars
Parsifal
Parsifal Interior
Pasaje 101
Pasaje 23 de Julio
Pasaje 401
Pasaje Abedul
Pasaje Achao
Pasaje Adriano
Pasaje Alerces
Pasaje Anay
Pasaje Angol
Pasaje Anbal
Pasaje Aragn
Pasaje Aranza
Pasaje Aromos
Pasaje Arquitecto Brunelleschi
Pasaje Arturo Paaardo
Pasaje Avellanos
Pasaje Boecio
Pasaje Butamanga
Pasaje Camarones
Pasaje Camia
Pasaje Carahue
Pasaje Carlos Pezoa Vliz
Pasaje Casa Blanca
Pasaje Castilla
Pasaje Caucura
Pasaje Cepal
Pasaje Chacalluta
Pasaje Cobija
Pasaje Colchane
Pasaje Coimo
Pasaje Coral
Pasaje Cuya
Pasaje Daniel Defoe
Pasaje Departamental
Pasaje Eduaaardo Barrios
Pasaje El Canelo
Pasaje El Cortijo
Pasaje El Ingenio
Pasaje El Manzanito
Pasaje El Manzano
Pasaje El Melocotn
Pasaje El Pelcano
Pasaje El Prado
Pasaje Emilio Salgari
Pasaje Enrique Borrs
Pasaje Escipin
Pasaje Espaa
Pasaje Eusebio de Sasia
Pasaje Eusebio Ibar
Pasaje Fao
Pasaje Filarmonico
Pasaje Francisco de Villa Espesa
Pasaje Gabriela Mistral 2
Pasaje Gabriela Mistral 3
Pasaje Genghis Khan
Pasaje Gerona
Pasaje Guayacn
Pasaje Hammerskjold
Pasaje Hanga Roa
Pasaje Hctor Barrueto
Pasaje Hernn Hesse
Pasaje Himalaya
Pasaje Huara
Pasaje Ingeniero Mario Daz
Pasaje Islas Bahamas
Pasaje La Obra
Pasaje Lago Villarrica
Pasaje Lagunillas
Pasaje Lamifun
Pasaje Las Melosas
Pasaje Las Notas
Pasaje Las Vertientes
Pasaje Las Vizcachas
Pasaje Lo Valds
Pasaje Los Clarines
Pasaje Los Lirios
Pasaje Los Maitenes
Pasaje Luis Emilio Recabarren
Pasaje Lumaco
Pasaje Lyon
Pasaje Magnolia
Pasaje Mahatma Gandhi
Pasaje Maite
Pasaje Mallarauco
Pasaje Manuel Magallanes
Pasaje Maquis
Pasaje Marcela Paz
Pasaje María Elena
Pasaje Mario Lanza
Pasaje Mario Mio
Pasaje Mark Twain
Pasaje Matte Hurtado
Pasaje Miguel ngel
Pasaje Montpellier
Pasaje Nicanor de La Sotta
Pasaje Nicols Maquiavelo
Pasaje Ollage
Pasaje Opus
Pasaje Osvaldina Chaparro
Pasaje Otello
Pasaje Pedro Lira
Pasaje Peumos
Pasaje Pintor Cicarelli
Pasaje Pompeya
Pasaje Prncipe Igor
Pasaje Puerto Varas
Pasaje Putre
Pasaje Quelln
Pasaje Quillagua
Pasaje Ramaditas
Pasaje Rapa Nui
Pasaje Ro Baker
Pasaje Ro Bio Bio
Pasaje Ro Cautn
Pasaje Ro Cisnes
Pasaje Ro Claro
Pasaje Ro Elqui
Pasaje Ro Illapel
Pasaje Ro Imperial
Pasaje Ro Lauca
Pasaje Ro Limar
Pasaje Ro Lluta
Pasaje Ro Loa
Pasaje Ro Maipo
Pasaje Ro Maulln
Pasaje Ro uble
Pasaje Ro Palena
Pasaje Ro Petorca
Pasaje Ro Serrano
Pasaje Ro Valdivia
Pasaje Ro Yeso
Pasaje Robert Kaminker
Pasaje Romeral
Pasaje San Alfonso
Pasaje San Francisco de California
Pasaje San Jos
Pasaje Sinfonico
Pasaje Socoroma
Pasaje Soyuz Once
Pasaje Suiza
Pasaje Tamerln
Pasaje Toms de Campanella
Pasaje Varas Mena
Pasaje Vilna
Pasaje Visviri
Paula Jaraquemada
Pedro de La Barra Garcíaíaíaa
Pedro de Oa
Pedro Mira
Pedro Prado Calvo
Pedro Sarmiento
Pentagrama
Pergolessi
Pericles
Pica
Pinar del Ro
Pindapulli
Pintor Agustn Abarca
Pintor Antonio Smith
Pintor Cicarelli
Pintor Corelli
Pintor Durero
Pintor Goya
Pintor Jorge Bizet
Pintor Julio Ortiz de Zrate
Pintor Murillo
Pintor Velsquez
Pirmide
Piringue
Polonia
Pompeya
Pontevedra
Portezuelo
Pozo Almonte
Prensa
Presidente Anbal Pinto
Primero de Mayo
Progreso
Pucn
Puerto Montt
Puerto Octay
Puqueldn
Purn
Pureo
Puyn
Queiln
Quelme
Queltehues
Quilln
Quirihue
Quito
Rafael Fontaura
Rahue
Rapa Nui
Raquel
Rauco
Raul Monardes
Rebeca Matte
Remeaux
Reverendo Javier Per
Rieter
Riln
Ro Azapa
Ro Baker
Ro Cisnes
Ro Garoa
Ro Loira
Ro Marne
Ro Maulln
Ro Palena
Ro Petrohu
Ro Pilmaiqun
Rio Rapel
Ro Riihue
Ro Rdano
Ro San Lorenzo
Ro Sena
Ro Serrano
Ro Toltn
Ro Valdivia
Ro Yelcho
Rivas
Roberto Lpez Meneses
Rodillo
Romano de Dominicis
Rubens
Salomn Sumar
Salvador Reyes
San Gregorio
San Juan
San Nicols
Snchez Calchero
Snchez Pinzn
Sandino
Santa Catalina
Santa Corina
Santa Elena
Santa Elisa
Santa Ester
Santa Mara
Santiago Ruisiol
Santiago Rusinol
Schwager
Sebastopol
Sierra Bella
Springhill
Stravinsky
Tahit
Tanqui
Tchaikovsky
Teniente Merino
Teniente Soto
Tignamar
Tito Mundt
Toltn
Toms Alba Edison
Toms de Campanella
Toronto
Trnsito Araos
Turquio
Uno de Septiembre
Ureta Cox
Uthan
Valparaso
Vancouver
Varas Mena
Vasco Nez de Balboa
Vecinal
Venecia
Verdi
Veronesse
Victor Gandarillas
Vctor Gandarillas
Vilcn
Virginia
Vivaldi
Volcn Antuco
Volcn Calbuco
Volcn Choshuenco
Volcn Descabezado
Volcn Licancabur
Volcn Llullaillaco
Volcn Parinacota
Volcn San Jos
Volcn Tacora
Volcn Tronador
Volcn Villarrica
Winnipeg
Yal
Zapiga
Zenn Torrealba
